[app/ui]
version = 7.3.1.1
modtime = 1573633279.842444000

[app/launcher]
version = 7.3.1.1
modtime = 1573633279.845456000
